      2.00000     0.000000     0.000000     0.350000
      3.50000     0.000000     0.000000     0.350000
      5.50000     0.000000     0.000000     0.350000
      7.50000     0.000000     0.000000     0.350000
      9.50000     0.000000     0.000000     0.350000
     -2.00000     0.000000     0.000000     0.350000
     -4.00000     0.000000     0.000000     0.350000
     -6.30000     0.000000     0.000000     0.350000
     -8.94500     0.000000     0.000000     0.350000
     -11.9868     0.000000     0.000000     0.350000
     -15.4848     0.000000     0.000000     0.350000
     -19.5075     0.000000     0.000000     0.350000
     -24.1336     0.000000     0.000000     0.350000
     -29.4536     0.000000     0.000000     0.350000
     -39.5000     0.000000     0.000000     0.350000
     -50.0000     0.000000     0.000000     0.350000
     -68.0000     0.000000     0.000000     0.350000
     -140.000     0.000000     0.000000     0.350000
    -0.000000     0.000000      15.0000     0.350000
     -6.00000     0.000000      17.0000     0.350000
     -13.0000     0.000000      18.5000     0.350000
     -20.0000     0.000000      19.0000     0.350000
     -20.0000     0.000000      17.0000     0.350000
     -20.0000     0.000000      15.0000     0.350000
     -20.0000     0.000000      13.0000     0.350000
    -0.000000     0.000000     -15.0000     0.350000
     -6.00000     0.000000     -17.0000     0.350000
     -13.0000     0.000000     -18.5000     0.350000
     -20.0000     0.000000     -19.0000     0.350000
     -20.0000     0.000000     -17.0000     0.350000
     -20.0000     0.000000     -15.0000     0.350000
     -20.0000     0.000000     -13.0000     0.350000
     -10.0000     0.000000      1.60000     0.350000
     -6.00000     0.000000     0.000000     0.350000
     -10.0000     0.000000      2.30000     0.350000
     -10.0000     0.000000      6.80000     0.350000
